#!/usr/bin/env python3

import sys
import numpy as np

from openpilot.selfdrive.locationd.models.constants import ObservationKind

from rednose.helpers.kalmanfilter import KalmanFilter

if __name__=="__main__":
  import sympy as sp
  from rednose.helpers.ekf_sym import gen_code
  from rednose.helpers.sympy_helpers import euler_rotate, rot_to_euler
else:
  from rednose.helpers.ekf_sym_pyx import EKF_sym_pyx

EARTH_G = 9.81


class States:
  NED_ORIENTATION = slice(0, 3)  # roll, pitch, yaw in rad
  DEVICE_VELOCITY = slice(3, 6)  # device velocity in m/s
  ANGULAR_VELOCITY = slice(6, 9)  # roll, pitch and yaw rates in rad/s
  GYRO_BIAS = slice(9, 12)  # roll, pitch and yaw gyroscope biases in rad/s
  ACCELERATION = slice(12, 15)  # acceleration in device frame in m/s**2
  ACCEL_BIAS = slice(15, 18)  # Acceletometer bias in m/s**2


class PoseKalman(KalmanFilter):
  name = "pose"

  # state
  initial_x = np.array([0.0, 0.0, 0.0,
                        0.0, 0.0, 0.0,
                        0.0, 0.0, 0.0,
                        0.0, 0.0, 0.0,
                        0.0, 0.0, 0.0,
                        0.0, 0.0, 0.0])
  # state covariance
  initial_P = np.diag([0.01**2, 0.01**2, 0.01**2,
                       10**2, 10**2, 10**2,
                       1**2, 1**2, 1**2,
                       1**2, 1**2, 1**2,
                       100**2, 100**2, 100**2,
                       0.01**2, 0.01**2, 0.01**2])

  # process noise (EM-tuned from driving data with IPLF smoother)
  Q = np.array([
    [2.815717725692e-08, -7.674298139107e-10, 4.302701531506e-17, -2.310319101178e-07, -5.773154888769e-06, -1.804964210657e-08, 4.471081942177e-08, 1.911498080365e-09, 1.113802844436e-09, -3.839961142156e-08, -8.465036296591e-10, 2.435935470392e-08, 1.369093390674e-08, 5.762482261793e-07, 1.858140264133e-09, 2.086908608698e-11, 1.110958205203e-09, 2.934274608659e-11],
    [-7.674298139107e-10, 4.977113633920e-08, -9.533759829630e-15, -2.223870607630e-07, 3.229703734878e-08, -8.263331413955e-06, 2.302561996114e-09, 5.982598769745e-08, -5.955605328858e-10, -1.824557790084e-09, -1.498723515888e-07, -3.544041692017e-11, 2.313460327361e-08, -3.104777375181e-09, 8.259503363388e-07, -3.115187303997e-09, -1.944790049536e-10, 5.991762235138e-09],
    [4.302701531506e-17, -9.533759829630e-15, 2.511774862352e-09, -1.318830570499e-14, -2.284220149306e-14, -1.015307784741e-15, 1.997684309021e-17, 1.085902288449e-15, -1.374151708108e-17, -1.740416566377e-16, -2.632014451117e-15, 3.966683149146e-17, 1.163888864427e-15, 2.279445879093e-15, 1.019179365849e-16, -7.112166063817e-17, -2.292761986195e-18, 1.692438767519e-16],
    [-2.310319101178e-07, -2.223870607630e-07, -1.318830570499e-14, 4.080264099441e-03, 8.967516410780e-05, -1.142423533712e-04, 4.231189625487e-07, 1.015717286267e-06, -1.828046951532e-09, -6.472089032159e-10, -1.752294962860e-07, 2.009563942112e-08, -3.411240502345e-04, -6.327434417420e-06, 1.116861162013e-05, -1.115911070547e-07, -4.284387579773e-09, -1.059911251623e-07],
    [-5.773154888769e-06, 3.229703734878e-08, -2.284220149306e-14, 8.967516410780e-05, 2.623748292355e-03, -3.889909482258e-06, -1.191269256697e-05, -2.988511392693e-08, 9.188722512285e-06, 1.692162590361e-05, -8.403092937159e-08, -9.449709869982e-06, -4.855533052683e-06, -2.618913234939e-04, 3.643319130375e-07, -9.870654163786e-10, -5.071239005542e-07, -6.274921335340e-09],
    [-1.804964210657e-08, -8.263331413955e-06, -1.015307784741e-15, -1.142423533712e-04, -3.889909482258e-06, 2.434233994937e-03, -4.462652131984e-07, -3.236034317577e-05, -8.200745344745e-08, 4.202822304682e-07, 3.276893790611e-05, 1.536894162493e-08, 7.660867434224e-06, 1.906208936965e-07, -2.433026211145e-04, 7.482696491924e-07, 4.565600293741e-08, -1.420818101886e-06],
    [4.471081942177e-08, 2.302561996114e-09, 1.997684309021e-17, 4.231189625487e-07, -1.191269256697e-05, -4.462652131984e-07, 1.613610877559e-05, -3.685802877657e-08, -7.910980704389e-09, -2.971176476376e-08, -2.933600120699e-09, 9.329341227426e-09, -4.776893548108e-08, 1.189566322662e-06, 4.467285980420e-08, -3.894847134020e-11, 8.091317320966e-10, 2.069549089704e-10],
    [1.911498080365e-09, 5.982598769745e-08, 1.085902288449e-15, 1.015717286267e-06, -2.988511392693e-08, -3.236034317577e-05, -3.685802877657e-08, 1.576016075280e-05, -2.378624410239e-08, -2.738170722470e-09, -1.124013633146e-07, 2.843151349821e-10, -7.200951519292e-08, 4.349852850609e-09, 3.234257737195e-06, -2.919907544440e-09, -1.954061243043e-10, 6.365449236134e-09],
    [1.113802844436e-09, -5.955605328858e-10, -1.374151708108e-17, -1.828046951532e-09, 9.188722512285e-06, -8.200745344745e-08, -7.910980704389e-09, -2.378624410239e-08, 1.419616183095e-05, 1.458561337290e-08, -3.860314478775e-10, -5.519657632769e-09, 6.220557078472e-09, -9.176800165279e-07, 8.153729889144e-09, -1.166859200839e-10, -4.982503375948e-10, -5.786809580955e-12],
    [-3.839961142156e-08, -1.824557790084e-09, -1.740416566377e-16, -6.472089032159e-10, 1.692162590361e-05, 4.202822304682e-07, -2.971176476376e-08, -2.738170722470e-09, 1.458561337290e-08, 1.291704156705e-07, 8.103329721097e-09, -5.207369613855e-08, 1.724020075245e-08, -1.689391036108e-06, -4.213385922321e-08, 2.142409714088e-10, -3.460325529415e-09, -3.149850885449e-10],
    [-8.465036296591e-10, -1.498723515888e-07, -2.632014451117e-15, -1.752294962860e-07, -8.403092937159e-08, 3.276893790611e-05, -2.933600120698e-09, -1.124013633146e-07, -3.860314478775e-10, 8.103329721097e-09, 7.363085438205e-07, 2.449983992958e-10, -2.386466641747e-09, 7.251626162128e-09, -3.275180287260e-06, 1.318231492195e-08, 5.299582486906e-10, -1.870307450880e-08],
    [2.435935470392e-08, -3.544041692017e-11, 3.966683149146e-17, 2.009563942112e-08, -9.449709869982e-06, 1.536894162493e-08, 9.329341227426e-09, 2.843151349821e-10, -5.519657632769e-09, -5.207369613855e-08, 2.449983992958e-10, 6.031256193628e-08, -8.121936980728e-09, 9.437358641961e-07, -1.492867046649e-09, -7.848376992056e-12, 1.586131573529e-09, -1.583632586522e-11],
    [1.369093390674e-08, 2.313460327361e-08, 1.163888864427e-15, -3.411240502345e-04, -4.855533052683e-06, 7.660867434224e-06, -4.776893548108e-08, -7.200951519292e-08, 6.220557078472e-09, 1.724020075245e-08, -2.386466641747e-09, -8.121936980728e-09, 2.859553237805e-05, 2.717766539064e-07, -7.453225315579e-07, 8.892509848893e-09, -1.626905328708e-10, 9.696741946963e-09],
    [5.762482261793e-07, -3.104777375181e-09, 2.279445879093e-15, -6.327434417420e-06, -2.618913234939e-04, 1.906208936965e-07, 1.189566322662e-06, 4.349852850609e-09, -9.176800165279e-07, -1.689391036108e-06, 7.251626162128e-09, 9.437358641961e-07, 2.717766539064e-07, 2.614313547066e-05, -1.681493135262e-08, -6.285471792081e-14, 5.062735608835e-08, 6.063557033600e-10],
    [1.858140264133e-09, 8.259503363388e-07, 1.019179365849e-16, 1.116861162013e-05, 3.643319130375e-07, -2.433026211145e-04, 4.467285980420e-08, 3.234257737195e-06, 8.153729889144e-09, -4.213385922321e-08, -3.275180287260e-06, -1.492867046649e-09, -7.453225315579e-07, -1.681493135262e-08, 2.431820941710e-05, -7.478348219283e-08, -4.559851062482e-09, 1.420258985918e-07],
    [2.086908608698e-11, -3.115187303997e-09, -7.112166063817e-17, -1.115911070547e-07, -9.870654163786e-10, 7.482696491924e-07, -3.894847134020e-11, -2.919907544440e-09, -1.166859200839e-10, 2.142409714088e-10, 1.318231492195e-08, -7.848376992056e-12, 8.892509848893e-09, -6.285471792109e-14, -7.478348219283e-08, 6.307513945493e-08, 1.837763448027e-11, -4.441750417731e-10],
    [1.110958205203e-09, -1.944790049536e-10, -2.292761986195e-18, -4.284387579773e-09, -5.071239005542e-07, 4.565600293741e-08, 8.091317320966e-10, -1.954061243043e-10, -4.982503375948e-10, -3.460325529415e-09, 5.299582486906e-10, 1.586131573529e-09, -1.626905328708e-10, 5.062735608835e-08, -4.559851062482e-09, 1.837763448027e-11, 6.291096772761e-08, -3.975920322240e-11],
    [2.934274608659e-11, 5.991762235138e-09, 1.692438767519e-16, -1.059911251623e-07, -6.274921335340e-09, -1.420818101886e-06, 2.069549089704e-10, 6.365449236134e-09, -5.786809580955e-12, -3.149850885449e-10, -1.870307450880e-08, -1.583632586522e-11, 9.696741946963e-09, 6.063557033600e-10, 1.420258985918e-07, -4.441750417731e-10, -3.975920322240e-11, 6.313982810924e-08],
  ])

  obs_noise = {
      ObservationKind.PHONE_GYRO: np.array([
    [1.467856608863e-04, -4.806137992670e-06, -2.564182728274e-07],
    [-4.806137992670e-06, 2.300160959963e-04, -2.888257977680e-06],
    [-2.564182728274e-07, -2.888257977680e-06, 2.855430362409e-05],
  ]),
      ObservationKind.PHONE_ACCEL: np.array([
    [2.193939926767e-01, 1.402149598592e-03, 4.860476308170e-03],
    [1.402149598592e-03, 1.325499514574e-01, 8.169362024578e-03],
    [4.860476308170e-03, 8.169362024578e-03, 2.346523959729e-01],
  ]),
    # CAMERA_ODO_TRANSLATION and CAMERA_ODO_ROTATION use per-observation R from model stds
    ObservationKind.CAMERA_ODO_TRANSLATION: np.diag([0.5**2, 0.5**2, 0.5**2]),
    ObservationKind.CAMERA_ODO_ROTATION: np.diag([0.05**2, 0.05**2, 0.05**2]),
  }

  @staticmethod
  def generate_code(generated_dir):
    name = PoseKalman.name
    dim_state = PoseKalman.initial_x.shape[0]
    dim_state_err = PoseKalman.initial_P.shape[0]

    state_sym = sp.MatrixSymbol('state', dim_state, 1)
    state = sp.Matrix(state_sym)
    roll, pitch, yaw = state[States.NED_ORIENTATION, :]
    velocity = state[States.DEVICE_VELOCITY, :]
    angular_velocity = state[States.ANGULAR_VELOCITY, :]
    vroll, vpitch, vyaw = angular_velocity
    gyro_bias = state[States.GYRO_BIAS, :]
    acceleration = state[States.ACCELERATION, :]
    acc_bias = state[States.ACCEL_BIAS, :]

    dt = sp.Symbol('dt')

    # Evaluate orientation at yaw=0: absolute yaw is unobservable (no sensor
    # constrains it), so decouple it from roll/pitch dynamics and observations
    # to prevent its unbounded uncertainty from contaminating observable states.
    ned_from_device = euler_rotate(roll, pitch, sp.Integer(0))
    device_from_ned = ned_from_device.T

    state_dot = sp.Matrix(np.zeros((dim_state, 1)))
    state_dot[States.DEVICE_VELOCITY, :] = acceleration

    f_sym = state + dt * state_dot
    device_from_device_t1 = euler_rotate(dt*vroll, dt*vpitch, dt*vyaw)
    ned_from_device_t1 = ned_from_device * device_from_device_t1
    f_sym[States.NED_ORIENTATION, :] = rot_to_euler(ned_from_device_t1)
    f_sym[2, 0] = yaw  # yaw_{t+1} = yaw_t (identity dynamics, inert state)

    centripetal_acceleration = angular_velocity.cross(velocity)
    gravity = sp.Matrix([0, 0, -EARTH_G])
    h_gyro_sym = angular_velocity + gyro_bias
    h_acc_sym = device_from_ned * gravity + acceleration + centripetal_acceleration + acc_bias
    h_phone_rot_sym = angular_velocity
    h_relative_motion_sym = velocity
    obs_eqs = [
      [h_gyro_sym, ObservationKind.PHONE_GYRO, None],
      [h_acc_sym, ObservationKind.PHONE_ACCEL, None],
      [h_relative_motion_sym, ObservationKind.CAMERA_ODO_TRANSLATION, None],
      [h_phone_rot_sym, ObservationKind.CAMERA_ODO_ROTATION, None],
    ]
    gen_code(generated_dir, name, f_sym, dt, state_sym, obs_eqs, dim_state, dim_state_err)

  def __init__(self, generated_dir, max_rewind_age):
    dim_state, dim_state_err = PoseKalman.initial_x.shape[0], PoseKalman.initial_P.shape[0]
    self.filter = EKF_sym_pyx(generated_dir, self.name, PoseKalman.Q, PoseKalman.initial_x, PoseKalman.initial_P,
                              dim_state, dim_state_err, max_rewind_age=max_rewind_age)


if __name__ == "__main__":
  generated_dir = sys.argv[2]
  PoseKalman.generate_code(generated_dir)
